No,Id,Provinsi,Kabupaten / Kota,5. Jumlah Pemilih (1+2+3+4+5) (JML),H. Prabowo Subianto - Ir. M. H. Hatta Rajasa,Ir. H. Joko Widodo - Drs. H. M. Jusuf Kalla,Jumlah Suara Sah Calon Presiden dan Wakil Presiden,Jumlah Tidak Memilih dan Suara Tidak Sah,Jumlah Tidak Memilih dan Suara Tidak Sah (%),Pasangan yang Unggul,Selisih Suara,Selisih Suara (%)
1,1103,Nanggroe Aceh Darussalam,Aceh Selatan,154771,55551,42182,97733,57038,36.85315725,H. Prabowo Subianto - Ir. M. H. Hatta Rajasa,13369,13.67910532
2,1104,Nanggroe Aceh Darussalam,Aceh Tenggara,142803,73999,40413,114412,28391,19.88123499,H. Prabowo Subianto - Ir. M. H. Hatta Rajasa,33586,29.35531238
3,1105,Nanggroe Aceh Darussalam,Aceh Timur,272287,64601,63548,128149,144138,52.93605644,H. Prabowo Subianto - Ir. M. H. Hatta Rajasa,1053,0.82169974
4,1106,Nanggroe Aceh Darussalam,Aceh Tengah,128674,40522,57882,98404,30270,23.52456596,Ir. H. Joko Widodo - Drs. H. M. Jusuf Kalla,-17360,-17.64155929
5,1107,Nanggroe Aceh Darussalam,Aceh Barat,124419,47335,40062,87397,37022,29.75590545,H. Prabowo Subianto - Ir. M. H. Hatta Rajasa,7273,8.321795943
6,1108,Nanggroe Aceh Darussalam,Aceh Besar,248658,91130,72502,163632,85026,34.19395314,H. Prabowo Subianto - Ir. M. H. Hatta Rajasa,18628,11.38408135
7,1109,Nanggroe Aceh Darussalam,Pidie,289127,72241,93308,165549,123578,42.74177092,Ir. H. Joko Widodo - Drs. H. M. Jusuf Kalla,-21067,-12.72553745
8,1111,Nanggroe Aceh Darussalam,Aceh Utara,393843,125359,82486,207845,185998,47.22643287,H. Prabowo Subianto - Ir. M. H. Hatta Rajasa,42873,20.6273906
9,1101,Nanggroe Aceh Darussalam,Simeulue,53995,11889,29538,41427,12568,23.27622928,Ir. H. Joko Widodo - Drs. H. M. Jusuf Kalla,-17649,-42.60265045
10,1102,Nanggroe Aceh Darussalam,Aceh Singkil,75672,27281,19230,46511,29161,38.53605032,H. Prabowo Subianto - Ir. M. H. Hatta Rajasa,8051,17.30988368
11,1110,Nanggroe Aceh Darussalam,Bireuen,295761,95777,60087,155864,139897,47.30069211,H. Prabowo Subianto - Ir. M. H. Hatta Rajasa,35690,22.89816763
12,1112,Nanggroe Aceh Darussalam,Aceh Barat Daya,97811,28334,26534,54868,42943,43.90405987,H. Prabowo Subianto - Ir. M. H. Hatta Rajasa,1800,3.280600714
13,1113,Nanggroe Aceh Darussalam,Gayo Lues,59705,18172,25640,43812,15893,26.61921112,Ir. H. Joko Widodo - Drs. H. M. Jusuf Kalla,-7468,-17.04555829
14,1116,Nanggroe Aceh Darussalam,Aceh Jaya,57483,22189,17945,40134,17349,30.18109702,H. Prabowo Subianto - Ir. M. H. Hatta Rajasa,4244,10.57457517
15,1115,Nanggroe Aceh Darussalam,Nagan Raya,111840,35565,38848,74413,37427,33.4647711,Ir. H. Joko Widodo - Drs. H. M. Jusuf Kalla,-3283,-4.411863518
16,1114,Nanggroe Aceh Darussalam,Aceh Tamiang,188499,74269,41143,115412,73087,38.77314999,H. Prabowo Subianto - Ir. M. H. Hatta Rajasa,33126,28.70238797
17,1117,Nanggroe Aceh Darussalam,Bener Meriah,92154,30389,41171,71560,20594,22.34737505,Ir. H. Joko Widodo - Drs. H. M. Jusuf Kalla,-10782,-15.06707658
18,1118,Nanggroe Aceh Darussalam,Pidie Jaya,102666,24082,30338,54420,48246,46.99316229,Ir. H. Joko Widodo - Drs. H. M. Jusuf Kalla,-6256,-11.49577361
19,1171,Nanggroe Aceh Darussalam,Kota Banda Aceh,161862,45823,36003,81826,80036,49.44705984,H. Prabowo Subianto - Ir. M. H. Hatta Rajasa,9820,12.00107545
20,1172,Nanggroe Aceh Darussalam,Kota Sabang,23549,7301,5537,12838,10711,45.48388467,H. Prabowo Subianto - Ir. M. H. Hatta Rajasa,1764,13.74045802
21,1174,Nanggroe Aceh Darussalam,Kota Lhokseumawe,123315,34616,19296,53912,69403,56.28106881,H. Prabowo Subianto - Ir. M. H. Hatta Rajasa,15320,28.41667903
22,1173,Nanggroe Aceh Darussalam,Kota Langsa,110916,42693,18340,61033,49883,44.97367377,H. Prabowo Subianto - Ir. M. H. Hatta Rajasa,24353,39.90136484
23,1175,Nanggroe Aceh Darussalam,Kota Subulussalam,47349,20172,11276,31448,15901,33.58254662,H. Prabowo Subianto - Ir. M. H. Hatta Rajasa,8896,28.28796744
25,2102,Kepulauan Riau,Bintan,109000,27117,43663,70780,38220,35.06422018,Ir. H. Joko Widodo - Drs. H. M. Jusuf Kalla,-16546,-23.37666007
26,2101,Kepulauan Riau,Karimun,172901,35843,65509,101352,71549,41.3814842,Ir. H. Joko Widodo - Drs. H. M. Jusuf Kalla,-29666,-29.270266
27,2103,Kepulauan Riau,Natuna,52723,9952,22372,32324,20399,38.69089392,Ir. H. Joko Widodo - Drs. H. M. Jusuf Kalla,-12420,-38.42346244
28,2104,Kepulauan Riau,Lingga,68387,14018,32943,46961,21426,31.33051603,Ir. H. Joko Widodo - Drs. H. M. Jusuf Kalla,-18925,-40.29939737
29,2105,Kepulauan Riau,Kepulauan Anambas,31265,5468,15145,20613,10652,34.07004638,Ir. H. Joko Widodo - Drs. H. M. Jusuf Kalla,-9677,-46.94610197
30,2171,Kepulauan Riau,Kota Batam,811800,202246,257166,459412,352388,43.40822863,Ir. H. Joko Widodo - Drs. H. M. Jusuf Kalla,-54920,-11.95441129
31,2172,Kepulauan Riau,Kota Tanjung Pinang,150474,38264,55021,93285,57189,38.00590135,Ir. H. Joko Widodo - Drs. H. M. Jusuf Kalla,-16757,-17.96323096
33,3101,DKI Jakarta,Kepulauan Seribu,20591,6906,8089,14995,5596,27.17692196,Ir. H. Joko Widodo - Drs. H. M. Jusuf Kalla,-1183,-7.889296432
34,3173,DKI Jakarta,Jakarta Pusat,815576,258376,308059,566435,249141,30.5478582,Ir. H. Joko Widodo - Drs. H. M. Jusuf Kalla,-49683,-8.771174098
35,3175,DKI Jakarta,Jakarta Utara,1206282,342651,516654,859305,346977,28.76416957,Ir. H. Joko Widodo - Drs. H. M. Jusuf Kalla,-174003,-20.24927121
36,3174,DKI Jakarta,Jakarta Barat,1746826,479815,742103,1221918,524908,30.0492436,Ir. H. Joko Widodo - Drs. H. M. Jusuf Kalla,-262288,-21.46527017
37,3171,DKI Jakarta,Jakarta Selatan,1665662,612442,568358,1180800,484862,29.10926707,H. Prabowo Subianto - Ir. M. H. Hatta Rajasa,44084,3.733401084
38,3172,DKI Jakarta,Jakarta Timur,2068164,827874,716631,1544505,523659,25.31999397,H. Prabowo Subianto - Ir. M. H. Hatta Rajasa,111243,7.202501772
40,3201,Jawa Barat,Bogor,3404348,1636134,852888,2489022,915326,26.88696925,H. Prabowo Subianto - Ir. M. H. Hatta Rajasa,783246,31.46802238
41,3202,Jawa Barat,Sukabumi,1811312,829802,392927,1222729,588583,32.49484352,H. Prabowo Subianto - Ir. M. H. Hatta Rajasa,436875,35.72950343
42,3203,Jawa Barat,Cianjur,1701452,643722,442822,1086544,614908,36.14019085,H. Prabowo Subianto - Ir. M. H. Hatta Rajasa,200900,18.48981726
43,3204,Jawa Barat,Bandung,2501445,1171109,655044,1826153,675292,26.99607627,H. Prabowo Subianto - Ir. M. H. Hatta Rajasa,516065,28.25968032
44,3205,Jawa Barat,Garut,1814981,866613,369199,1235812,579169,31.91047179,H. Prabowo Subianto - Ir. M. H. Hatta Rajasa,497414,40.2499733
45,3206,Jawa Barat,Tasikmalaya,1361583,647755,268568,916323,445260,32.70164213,H. Prabowo Subianto - Ir. M. H. Hatta Rajasa,379187,41.3813688
46,3207,Jawa Barat,Ciamis,1254869,492890,418505,911395,343474,27.3713033,H. Prabowo Subianto - Ir. M. H. Hatta Rajasa,74385,8.161664262
47,3208,Jawa Barat,Kuningan,855459,312002,250156,562158,293301,34.28580446,H. Prabowo Subianto - Ir. M. H. Hatta Rajasa,61846,11.00153338
48,3209,Jawa Barat,Cirebon,1763311,415517,653687,1069204,694107,39.36384449,Ir. H. Joko Widodo - Drs. H. M. Jusuf Kalla,-238170,-22.27544977
49,3210,Jawa Barat,Majalengka,970313,386707,338875,725582,244731,25.2218614,H. Prabowo Subianto - Ir. M. H. Hatta Rajasa,47832,6.592225276
50,3211,Jawa Barat,Sumedang,846183,401847,252193,654040,192143,22.70702673,H. Prabowo Subianto - Ir. M. H. Hatta Rajasa,149654,22.88147514
51,3212,Jawa Barat,Indramayu,1443260,371044,540832,911876,531384,36.81831409,Ir. H. Joko Widodo - Drs. H. M. Jusuf Kalla,-169788,-18.61963688
52,3213,Jawa Barat,Subang,1171007,413671,447818,861489,309518,26.43178051,Ir. H. Joko Widodo - Drs. H. M. Jusuf Kalla,-34147,-3.963718631
53,3214,Jawa Barat,Purwakarta,656327,347259,138257,485516,170811,26.02528922,H. Prabowo Subianto - Ir. M. H. Hatta Rajasa,209002,43.047397
54,3215,Jawa Barat,Karawang,1757931,708495,473557,1182052,575879,32.75890806,H. Prabowo Subianto - Ir. M. H. Hatta Rajasa,234938,19.87543695
55,3216,Jawa Barat,Bekasi,2181435,906196,555723,1461919,719516,32.98360941,H. Prabowo Subianto - Ir. M. H. Hatta Rajasa,350473,23.97348964
56,3217,Jawa Barat,Bandung Barat,1197392,547731,332085,879816,317576,26.52230848,H. Prabowo Subianto - Ir. M. H. Hatta Rajasa,215646,24.51035216
57,3271,Jawa Barat,Kota Bogor,708964,340286,210578,550864,158100,22.300145,H. Prabowo Subianto - Ir. M. H. Hatta Rajasa,129708,23.54628366
58,3272,Jawa Barat,Kota Sukabumi,226983,120118,53070,173188,53795,23.70001278,H. Prabowo Subianto - Ir. M. H. Hatta Rajasa,67048,38.71399866
59,3273,Jawa Barat,Kota Bandung,1759748,778703,571022,1349725,410023,23.30009751,H. Prabowo Subianto - Ir. M. H. Hatta Rajasa,207681,15.38691215
60,3274,Jawa Barat,Kota Cirebon,238924,78359,91079,169438,69486,29.08288828,Ir. H. Joko Widodo - Drs. H. M. Jusuf Kalla,-12720,-7.507170765
61,3275,Jawa Barat,Kota Bekasi,1863024,671405,555525,1226930,636094,34.14309209,H. Prabowo Subianto - Ir. M. H. Hatta Rajasa,115880,9.444711597
62,3276,Jawa Barat,Kota Depok,1310010,543284,412695,955979,354031,27.02506088,H. Prabowo Subianto - Ir. M. H. Hatta Rajasa,130589,13.66023731
63,3277,Jawa Barat,Kota Cimahi,400674,198498,104239,302737,97937,24.44306344,H. Prabowo Subianto - Ir. M. H. Hatta Rajasa,94259,31.13560615
64,3278,Jawa Barat,Kota Tasikmalaya,477507,281665,99307,380972,96535,20.21645756,H. Prabowo Subianto - Ir. M. H. Hatta Rajasa,182358,47.86650987
65,3279,Jawa Barat,Kota Banjar,142936,56569,49664,106233,36703,25.67792578,H. Prabowo Subianto - Ir. M. H. Hatta Rajasa,6905,6.499863508
67,3301,Jawa Tengah,Cilacap,1493985,381863,585252,967115,526870,35.26608366,Ir. H. Joko Widodo - Drs. H. M. Jusuf Kalla,-203389,-21.03048758
68,3302,Jawa Tengah,Banyumas,1333216,346345,613226,959571,373645,28.02584127,Ir. H. Joko Widodo - Drs. H. M. Jusuf Kalla,-266881,-27.81253289
69,3303,Jawa Tengah,Purbalingga,731258,183873,320704,504577,226681,30.99877198,Ir. H. Joko Widodo - Drs. H. M. Jusuf Kalla,-136831,-27.11796217
70,3304,Jawa Tengah,Banjarnegara,763305,196898,322398,519296,244009,31.96743111,Ir. H. Joko Widodo - Drs. H. M. Jusuf Kalla,-125500,-24.16733424
71,3305,Jawa Tengah,Kebumen,1042620,257306,422713,680019,362601,34.7778673,Ir. H. Joko Widodo - Drs. H. M. Jusuf Kalla,-165407,-24.32387919
72,3306,Jawa Tengah,Purworejo,632476,166190,262246,428436,204040,32.26051265,Ir. H. Joko Widodo - Drs. H. M. Jusuf Kalla,-96056,-22.42015143
73,3307,Jawa Tengah,Wonosobo,659839,169209,296386,465595,194244,29.4380902,Ir. H. Joko Widodo - Drs. H. M. Jusuf Kalla,-127177,-27.3149411
74,3308,Jawa Tengah,Magelang,965390,345405,407458,752863,212527,22.01462621,Ir. H. Joko Widodo - Drs. H. M. Jusuf Kalla,-62053,-8.242269842
75,3309,Jawa Tengah,Boyolali,806819,145353,457914,603267,203552,25.2289547,Ir. H. Joko Widodo - Drs. H. M. Jusuf Kalla,-312561,-51.811387
76,3310,Jawa Tengah,Klaten,1015960,189035,562631,751666,264294,26.01421316,Ir. H. Joko Widodo - Drs. H. M. Jusuf Kalla,-373596,-49.70239441
77,3311,Jawa Tengah,Sukoharjo,680790,105817,411498,517315,163475,24.01254425,Ir. H. Joko Widodo - Drs. H. M. Jusuf Kalla,-305681,-59.0899162
78,3312,Jawa Tengah,Wonogiri,910007,139522,462735,602257,307750,33.81842118,Ir. H. Joko Widodo - Drs. H. M. Jusuf Kalla,-323213,-53.66695613
79,3313,Jawa Tengah,Karanganyar,692653,145555,387156,532711,159942,23.09121595,Ir. H. Joko Widodo - Drs. H. M. Jusuf Kalla,-241601,-45.35310891
80,3314,Jawa Tengah,Sragen,775600,131045,414425,545470,230130,29.67122228,Ir. H. Joko Widodo - Drs. H. M. Jusuf Kalla,-283380,-51.95152804
81,3315,Jawa Tengah,Grobogan,1105862,192547,536562,729109,376753,34.06871743,Ir. H. Joko Widodo - Drs. H. M. Jusuf Kalla,-344015,-47.1829315
82,3316,Jawa Tengah,Blora,704487,164706,335176,499882,204605,29.04311932,Ir. H. Joko Widodo - Drs. H. M. Jusuf Kalla,-170470,-34.10204808
83,3317,Jawa Tengah,Rembang,481264,126454,245393,371847,109417,22.73533861,Ir. H. Joko Widodo - Drs. H. M. Jusuf Kalla,-118939,-31.986005
84,3318,Jawa Tengah,Pati,1033941,197058,540504,737562,296379,28.66498185,Ir. H. Joko Widodo - Drs. H. M. Jusuf Kalla,-343446,-46.56503453
85,3319,Jawa Tengah,Kudus,607610,195171,260384,455555,152055,25.02509834,Ir. H. Joko Widodo - Drs. H. M. Jusuf Kalla,-65213,-14.31506624
86,3320,Jawa Tengah,Jepara,846437,180741,436410,617151,229286,27.08837161,Ir. H. Joko Widodo - Drs. H. M. Jusuf Kalla,-255669,-41.42730061
87,3321,Jawa Tengah,Demak,842655,224076,369726,593802,248853,29.53201488,Ir. H. Joko Widodo - Drs. H. M. Jusuf Kalla,-145650,-24.52837815
88,3322,Jawa Tengah,Semarang,759051,227602,359428,587030,172021,22.66264059,Ir. H. Joko Widodo - Drs. H. M. Jusuf Kalla,-131826,-22.45643323
89,3323,Jawa Tengah,Temanggung,582486,167212,309118,476330,106156,18.22464403,Ir. H. Joko Widodo - Drs. H. M. Jusuf Kalla,-141906,-29.79153108
90,3324,Jawa Tengah,Kendal,760531,228708,329481,558189,202342,26.60535862,Ir. H. Joko Widodo - Drs. H. M. Jusuf Kalla,-100773,-18.0535625
91,3325,Jawa Tengah,Batang,588562,145019,278706,423725,164837,28.00673506,Ir. H. Joko Widodo - Drs. H. M. Jusuf Kalla,-133687,-31.55041595
92,3326,Jawa Tengah,Pekalongan,715372,148592,328245,476837,238535,33.34419016,Ir. H. Joko Widodo - Drs. H. M. Jusuf Kalla,-179653,-37.67597733
93,3327,Jawa Tengah,Pemalang,1123549,232693,453468,686161,437388,38.92914328,Ir. H. Joko Widodo - Drs. H. M. Jusuf Kalla,-220775,-32.17539324
94,3328,Jawa Tengah,Tegal,1210106,297100,451294,748394,461712,38.15467405,Ir. H. Joko Widodo - Drs. H. M. Jusuf Kalla,-154194,-20.60331857
95,3329,Jawa Tengah,Brebes,1506629,317975,601106,919081,587548,38.99752361,Ir. H. Joko Widodo - Drs. H. M. Jusuf Kalla,-283131,-30.80588109
96,3371,Jawa Tengah,Kota Magelang,95418,32173,42056,74229,21189,22.20650192,Ir. H. Joko Widodo - Drs. H. M. Jusuf Kalla,-9883,-13.31420334
97,3372,Jawa Tengah,Kota Surakarta,419547,52703,284199,336902,82645,19.69862733,Ir. H. Joko Widodo - Drs. H. M. Jusuf Kalla,-231496,-68.71315694
98,3373,Jawa Tengah,Kota Salatiga,132872,38628,68664,107292,25580,19.25161057,Ir. H. Joko Widodo - Drs. H. M. Jusuf Kalla,-30036,-27.99463147
99,3374,Jawa Tengah,Kota Semarang,1161687,292496,624289,916785,244902,21.08158222,Ir. H. Joko Widodo - Drs. H. M. Jusuf Kalla,-331793,-36.19092808
100,3375,Jawa Tengah,Kota Pekalongan,220713,64738,99814,164552,56161,25.44526149,Ir. H. Joko Widodo - Drs. H. M. Jusuf Kalla,-35076,-21.31605815
101,3376,Jawa Tengah,Kota Tegal,203366,55912,78775,134687,68679,33.77113185,Ir. H. Joko Widodo - Drs. H. M. Jusuf Kalla,-22863,-16.9749122
103,3401,Daerah Istimewa Yogyakarta,Kulon Progo,338079,127145,136881,264026,74053,21.90405201,Ir. H. Joko Widodo - Drs. H. M. Jusuf Kalla,-9736,-3.687515623
104,3402,Daerah Istimewa Yogyakarta,Bantul,732124,271535,313383,584918,147206,20.10670324,Ir. H. Joko Widodo - Drs. H. M. Jusuf Kalla,-41848,-7.154507127
105,3403,Daerah Istimewa Yogyakarta,Gunungkidul,601556,176801,280110,456911,144645,24.04514293,Ir. H. Joko Widodo - Drs. H. M. Jusuf Kalla,-103309,-22.61031142
106,3404,Daerah Istimewa Yogyakarta,Sleman,818960,303420,355975,659395,159565,19.48385758,Ir. H. Joko Widodo - Drs. H. M. Jusuf Kalla,-52555,-7.970184791
107,3471,Daerah Istimewa Yogyakarta,Kota Yogyakarta,321425,98441,147900,246341,75084,23.35972622,Ir. H. Joko Widodo - Drs. H. M. Jusuf Kalla,-49459,-20.07745361
109,3501,Jawa Timur,Pacitan,465256,205365,112332,317697,147559,31.71565762,H. Prabowo Subianto - Ir. M. H. Hatta Rajasa,93033,29.28356264
110,3502,Jawa Timur,Ponorogo,775505,250385,280689,531074,244431,31.51894572,Ir. H. Joko Widodo - Drs. H. M. Jusuf Kalla,-30304,-5.706172774
111,3503,Jawa Timur,Trenggalek,568442,140980,267772,408752,159690,28.09257585,Ir. H. Joko Widodo - Drs. H. M. Jusuf Kalla,-126792,-31.01929776
112,3504,Jawa Timur,Tulungagung,855720,210972,401482,612454,243266,28.42822419,Ir. H. Joko Widodo - Drs. H. M. Jusuf Kalla,-190510,-31.10600959
113,3505,Jawa Timur,Blitar,923611,194251,488724,682975,240636,26.05382569,Ir. H. Joko Widodo - Drs. H. M. Jusuf Kalla,-294473,-43.11621948
114,3506,Jawa Timur,Kediri,1187497,294429,619456,913885,273612,23.04106874,Ir. H. Joko Widodo - Drs. H. M. Jusuf Kalla,-325027,-35.56541578
115,3507,Jawa Timur,Malang,2011574,549623,865641,1415264,596310,29.64395046,Ir. H. Joko Widodo - Drs. H. M. Jusuf Kalla,-316018,-22.32926154
116,3508,Jawa Timur,Lumajang,843478,256576,319840,576416,267062,31.66199948,Ir. H. Joko Widodo - Drs. H. M. Jusuf Kalla,-63264,-10.97540665
117,3509,Jawa Timur,Jember,1789197,507428,694751,1202179,587018,32.80901991,Ir. H. Joko Widodo - Drs. H. M. Jusuf Kalla,-187323,-15.58195577
118,3510,Jawa Timur,Banyuwangi,1276580,361727,539652,901379,375201,29.39110749,Ir. H. Joko Widodo - Drs. H. M. Jusuf Kalla,-177925,-19.7391996
119,3511,Jawa Timur,Bondowoso,601588,270778,175467,446245,155343,25.82215736,H. Prabowo Subianto - Ir. M. H. Hatta Rajasa,95311,21.35844659
120,3512,Jawa Timur,Situbondo,526067,220034,153018,373052,153015,29.08659924,H. Prabowo Subianto - Ir. M. H. Hatta Rajasa,67016,17.96425163
121,3513,Jawa Timur,Probolinggo,858821,280103,289694,569797,289024,33.65357857,Ir. H. Joko Widodo - Drs. H. M. Jusuf Kalla,-9591,-1.683231045
122,3514,Jawa Timur,Pasuruan,1188962,474725,344930,819655,369307,31.06129548,H. Prabowo Subianto - Ir. M. H. Hatta Rajasa,129795,15.83532096
123,3515,Jawa Timur,Sidoarjo,1424040,464893,550726,1015619,408421,28.68044437,Ir. H. Joko Widodo - Drs. H. M. Jusuf Kalla,-85833,-8.451299158
124,3516,Jawa Timur,Mojokerto,818059,260355,370265,630620,187439,22.91265055,Ir. H. Joko Widodo - Drs. H. M. Jusuf Kalla,-109910,-17.42887952
125,3517,Jawa Timur,Jombang,997681,303115,411112,714227,283454,28.41128577,Ir. H. Joko Widodo - Drs. H. M. Jusuf Kalla,-107997,-15.12082293
126,3518,Jawa Timur,Nganjuk,877841,232506,376899,609405,268436,30.57911399,Ir. H. Joko Widodo - Drs. H. M. Jusuf Kalla,-144393,-23.69409506
127,3519,Jawa Timur,Madiun,584545,177992,240002,417994,166551,28.49241718,Ir. H. Joko Widodo - Drs. H. M. Jusuf Kalla,-62010,-14.83514117
128,3520,Jawa Timur,Magetan,555564,205946,190962,396908,158656,28.55764592,H. Prabowo Subianto - Ir. M. H. Hatta Rajasa,14984,3.775182158
129,3521,Jawa Timur,Ngawi,729767,200735,303169,503904,225863,30.95001555,Ir. H. Joko Widodo - Drs. H. M. Jusuf Kalla,-102434,-20.32807836
130,3522,Jawa Timur,Bojonegoro,1044363,377277,352307,729584,314779,30.14076523,H. Prabowo Subianto - Ir. M. H. Hatta Rajasa,24970,3.4224983
131,3523,Jawa Timur,Tuban,931221,267898,373199,641097,290124,31.15522524,Ir. H. Joko Widodo - Drs. H. M. Jusuf Kalla,-105301,-16.42512755
132,3524,Jawa Timur,Lamongan,1086463,368586,342249,710835,375628,34.57347374,H. Prabowo Subianto - Ir. M. H. Hatta Rajasa,26337,3.705079238
133,3525,Jawa Timur,Gresik,914823,350955,312496,663451,251372,27.47766508,H. Prabowo Subianto - Ir. M. H. Hatta Rajasa,38459,5.796810917
134,3526,Jawa Timur,Bangkalan,963633,644608,149258,793866,169767,17.61739168,H. Prabowo Subianto - Ir. M. H. Hatta Rajasa,495350,62.39718038
135,3527,Jawa Timur,Sampang,806340,474752,162785,637537,168803,20.93446933,H. Prabowo Subianto - Ir. M. H. Hatta Rajasa,311967,48.93315996
136,3528,Jawa Timur,Pamekasan,682886,378652,135178,513830,169056,24.75610863,H. Prabowo Subianto - Ir. M. H. Hatta Rajasa,243474,47.38415429
137,3529,Jawa Timur,Sumenep,898746,332956,245410,578366,320380,35.64744655,H. Prabowo Subianto - Ir. M. H. Hatta Rajasa,87546,15.1367819
138,3571,Jawa Timur,Kota Kediri,215045,59461,100492,159953,55092,25.61882397,Ir. H. Joko Widodo - Drs. H. M. Jusuf Kalla,-41031,-25.65191025
139,3572,Jawa Timur,Kota Blitar,109655,29349,54599,83948,25707,23.44352743,Ir. H. Joko Widodo - Drs. H. M. Jusuf Kalla,-25250,-30.07814361
140,3573,Jawa Timur,Kota Malang,630023,182128,270971,453099,176924,28.08214938,Ir. H. Joko Widodo - Drs. H. M. Jusuf Kalla,-88843,-19.60785612
141,3574,Jawa Timur,Kota Probolinggo,167815,69112,58149,127261,40554,24.16589697,H. Prabowo Subianto - Ir. M. H. Hatta Rajasa,10963,8.614579486
142,3575,Jawa Timur,Kota Pasuruan,144111,58967,43896,102863,41248,28.62238136,H. Prabowo Subianto - Ir. M. H. Hatta Rajasa,15071,14.65152679
143,3576,Jawa Timur,Kota Mojokerto,96257,32706,41504,74210,22047,22.90430826,Ir. H. Joko Widodo - Drs. H. M. Jusuf Kalla,-8798,-11.85554507
144,3577,Jawa Timur,Kota Madiun,147174,41048,65059,106107,41067,27.90370582,Ir. H. Joko Widodo - Drs. H. M. Jusuf Kalla,-24011,-22.62904427
145,3578,Jawa Timur,Kota Surabaya,2086019,498736,892123,1390859,695160,33.32472044,Ir. H. Joko Widodo - Drs. H. M. Jusuf Kalla,-393387,-28.28374407
146,3579,Jawa Timur,Kota Batu,149273,46979,73055,120034,29239,19.58760124,Ir. H. Joko Widodo - Drs. H. M. Jusuf Kalla,-26076,-21.72384491
148,3601,Banten,Pandeglang,912035,352187,245581,597768,314267,34.45777848,H. Prabowo Subianto - Ir. M. H. Hatta Rajasa,106606,17.83400918
149,3602,Banten,Lebak,918013,337700,290868,628568,289445,31.52950993,H. Prabowo Subianto - Ir. M. H. Hatta Rajasa,46832,7.450586094
150,3603,Banten,Tangerang,2196272,878685,606456,1485141,711131,32.37900406,H. Prabowo Subianto - Ir. M. H. Hatta Rajasa,272229,18.33017875
151,3604,Banten,Serang,1112536,473545,266663,740208,372328,33.46660243,H. Prabowo Subianto - Ir. M. H. Hatta Rajasa,206882,27.94917104
152,3671,Banten,Kota Tangerang,1320737,500587,425345,925932,394805,29.89277956,H. Prabowo Subianto - Ir. M. H. Hatta Rajasa,75242,8.126082693
153,3672,Banten,Kota Cilegon,287551,131610,81908,213518,74033,25.74604157,H. Prabowo Subianto - Ir. M. H. Hatta Rajasa,49702,23.27766277
154,3673,Banten,Kota Serang,466352,182216,122022,304238,162114,34.76215391,H. Prabowo Subianto - Ir. M. H. Hatta Rajasa,60194,19.78516819
155,3674,Banten,Kota Tangerang Selatan,1017119,336141,359788,695929,321190,31.57840921,Ir. H. Joko Widodo - Drs. H. M. Jusuf Kalla,-23647,-3.397904097
157,5101,Bali,Jembrana,224275,53278,104801,158079,66196,29.51555011,Ir. H. Joko Widodo - Drs. H. M. Jusuf Kalla,-51523,-32.59319707
158,5102,Bali,Tabanan,356491,82214,210896,293110,63381,17.77913047,Ir. H. Joko Widodo - Drs. H. M. Jusuf Kalla,-128682,-43.90228924
159,5103,Bali,Badung,356635,78066,189217,267283,89352,25.05418705,Ir. H. Joko Widodo - Drs. H. M. Jusuf Kalla,-111151,-41.58551049
160,5104,Bali,Gianyar,361705,63953,223125,287078,74627,20.63200675,Ir. H. Joko Widodo - Drs. H. M. Jusuf Kalla,-159172,-55.44555835
161,5105,Bali,Klungkung,154916,35921,70831,106752,48164,31.09039738,Ir. H. Joko Widodo - Drs. H. M. Jusuf Kalla,-34910,-32.70196343
162,5106,Bali,Bangli,181785,37317,102528,139845,41940,23.0712105,Ir. H. Joko Widodo - Drs. H. M. Jusuf Kalla,-65211,-46.6309128
163,5107,Bali,Karangasem,382118,80760,159864,240624,141494,37.0288759,Ir. H. Joko Widodo - Drs. H. M. Jusuf Kalla,-79104,-32.87452623
164,5108,Bali,Buleleng,543542,102852,232228,335080,208462,38.35251002,Ir. H. Joko Widodo - Drs. H. M. Jusuf Kalla,-129376,-38.61048108
165,5171,Bali,Kota Denpasar,430655,79880,241620,321500,109155,25.34627486,Ir. H. Joko Widodo - Drs. H. M. Jusuf Kalla,-161740,-50.30793157
167,5201,Nusa Tenggara Barat,Lombok Barat,482654,264566,79129,343695,138959,28.79060362,H. Prabowo Subianto - Ir. M. H. Hatta Rajasa,185437,53.95394172
168,5202,Nusa Tenggara Barat,Lombok Tengah,730164,362628,129040,491668,238496,32.66334686,H. Prabowo Subianto - Ir. M. H. Hatta Rajasa,233588,47.50929489
169,5203,Nusa Tenggara Barat,Lombok Timur,850363,471546,155595,627141,223222,26.25020138,H. Prabowo Subianto - Ir. M. H. Hatta Rajasa,315951,50.37957971
170,5204,Nusa Tenggara Barat,Sumbawa,334355,160055,85539,245594,88761,26.54693365,H. Prabowo Subianto - Ir. M. H. Hatta Rajasa,74516,30.34113211
171,5205,Nusa Tenggara Barat,Dompu,160478,85635,36005,121640,38838,24.20144817,H. Prabowo Subianto - Ir. M. H. Hatta Rajasa,49630,40.80072345
172,5206,Nusa Tenggara Barat,Bima,358832,168840,67336,236176,122656,34.18201275,H. Prabowo Subianto - Ir. M. H. Hatta Rajasa,101504,42.97811801
173,5207,Nusa Tenggara Barat,Sumbawa Barat,92531,43934,22185,66119,26412,28.54394743,H. Prabowo Subianto - Ir. M. H. Hatta Rajasa,21749,32.89372193
174,5208,Nusa Tenggara Barat,Lombok Utara,160367,83339,35846,119185,41182,25.67984685,H. Prabowo Subianto - Ir. M. H. Hatta Rajasa,47493,39.84813525
175,5271,Nusa Tenggara Barat,Kota Mataram,303562,143741,71647,215388,88174,29.04645509,H. Prabowo Subianto - Ir. M. H. Hatta Rajasa,72094,33.4716883
176,5272,Nusa Tenggara Barat,Kota Bima,106253,59894,18916,78810,27443,25.82797662,H. Prabowo Subianto - Ir. M. H. Hatta Rajasa,40978,51.9959396
178,5303,Nusa Tenggara Timur,Kupang,204150,79103,71596,150699,53451,26.18221896,H. Prabowo Subianto - Ir. M. H. Hatta Rajasa,7507,4.981453095
179,5304,Nusa Tenggara Timur,Timor Tengah Selatan,293625,99317,102401,201718,91907,31.30080885,Ir. H. Joko Widodo - Drs. H. M. Jusuf Kalla,-3084,-1.528867032
180,5305,Nusa Tenggara Timur,Timor Tengah Utara,159549,44956,63390,108346,51203,32.09233527,Ir. H. Joko Widodo - Drs. H. M. Jusuf Kalla,-18434,-17.01401067
181,5306,Nusa Tenggara Timur,Belu,254563,66568,82988,149556,105007,41.2499067,Ir. H. Joko Widodo - Drs. H. M. Jusuf Kalla,-16420,-10.979165
182,5307,Nusa Tenggara Timur,Alor,127070,47494,51958,99452,27618,21.73447706,Ir. H. Joko Widodo - Drs. H. M. Jusuf Kalla,-4464,-4.488597514
183,5309,Nusa Tenggara Timur,Flores Timur,158551,27117,86450,113567,44984,28.37194341,Ir. H. Joko Widodo - Drs. H. M. Jusuf Kalla,-59333,-52.24493031
184,5310,Nusa Tenggara Timur,Sikka,205026,30377,108911,139288,65738,32.06325051,Ir. H. Joko Widodo - Drs. H. M. Jusuf Kalla,-78534,-56.38245936
185,5311,Nusa Tenggara Timur,Ende,172287,37979,93411,131390,40897,23.73771672,Ir. H. Joko Widodo - Drs. H. M. Jusuf Kalla,-55432,-42.18890327
186,5312,Nusa Tenggara Timur,Ngada,91010,20343,45560,65903,25107,27.58707834,Ir. H. Joko Widodo - Drs. H. M. Jusuf Kalla,-25217,-38.26381197
187,5313,Nusa Tenggara Timur,Manggarai,193282,34028,97352,131380,61902,32.02677952,Ir. H. Joko Widodo - Drs. H. M. Jusuf Kalla,-63324,-48.19911707
188,5302,Nusa Tenggara Timur,Sumba Timur,154965,29815,74902,104717,50248,32.42538638,Ir. H. Joko Widodo - Drs. H. M. Jusuf Kalla,-45087,-43.0560463
189,5301,Nusa Tenggara Timur,Sumba Barat,74232,13591,32124,45715,28517,38.41604699,Ir. H. Joko Widodo - Drs. H. M. Jusuf Kalla,-18533,-40.54030406
190,5308,Nusa Tenggara Timur,Lembata,73705,15357,39459,54816,18889,25.62784072,Ir. H. Joko Widodo - Drs. H. M. Jusuf Kalla,-24102,-43.96891419
191,5314,Nusa Tenggara Timur,Rote Ndao,87266,11862,44482,56344,30922,35.43418972,Ir. H. Joko Widodo - Drs. H. M. Jusuf Kalla,-32620,-57.8943632
192,5315,Nusa Tenggara Timur,Manggarai Barat,147173,31080,81816,112896,34277,23.29027743,Ir. H. Joko Widodo - Drs. H. M. Jusuf Kalla,-50736,-44.94047619
193,5318,Nusa Tenggara Timur,Nagekeo,86948,8628,56426,65054,21894,25.1805677,Ir. H. Joko Widodo - Drs. H. M. Jusuf Kalla,-47798,-73.47434439
194,5316,Nusa Tenggara Timur,Sumba Tengah,42044,7950,21568,29518,12526,29.79259823,Ir. H. Joko Widodo - Drs. H. M. Jusuf Kalla,-13618,-46.13456196
195,5317,Nusa Tenggara Timur,Sumba Barat Daya,215399,50596,119178,169774,45625,21.18162108,Ir. H. Joko Widodo - Drs. H. M. Jusuf Kalla,-68582,-40.39605593
196,5319,Nusa Tenggara Timur,Manggarai Timur,172750,29706,82233,111939,60811,35.20173661,Ir. H. Joko Widodo - Drs. H. M. Jusuf Kalla,-52527,-46.92466433
197,5320,Nusa Tenggara Timur,Sabu Raijua,48730,11163,24597,35760,12970,26.61604761,Ir. H. Joko Widodo - Drs. H. M. Jusuf Kalla,-13434,-37.56711409
198,5371,Nusa Tenggara Timur,Kota Kupang,275107,72361,107274,179635,95472,34.70358806,Ir. H. Joko Widodo - Drs. H. M. Jusuf Kalla,-34913,-19.43552203
200,1204,Sumatera Utara,Tapanuli Tengah,223513,37093,95001,132094,91419,40.90097668,Ir. H. Joko Widodo - Drs. H. M. Jusuf Kalla,-57908,-43.83847866
201,1205,Sumatera Utara,Tapanuli Utara,213764,11615,120744,132359,81405,38.08171629,Ir. H. Joko Widodo - Drs. H. M. Jusuf Kalla,-109129,-82.44924788
202,1203,Sumatera Utara,Tapanuli Selatan,199305,82611,50633,133244,66061,33.14568124,H. Prabowo Subianto - Ir. M. H. Hatta Rajasa,31978,23.99957972
203,1201,Sumatera Utara,Nias,90386,6661,55301,61962,28424,31.44734804,Ir. H. Joko Widodo - Drs. H. M. Jusuf Kalla,-48640,-78.49972564
204,1213,Sumatera Utara,Langkat,722167,247482,228622,476104,246063,34.0728668,H. Prabowo Subianto - Ir. M. H. Hatta Rajasa,18860,3.961319376
205,1211,Sumatera Utara,Karo,280140,25462,143746,169208,110932,39.59877204,Ir. H. Joko Widodo - Drs. H. M. Jusuf Kalla,-118284,-69.90449624
206,1212,Sumatera Utara,Deli Serdang,1400885,424682,373760,798442,602443,43.0044579,H. Prabowo Subianto - Ir. M. H. Hatta Rajasa,50922,6.377670513
207,1209,Sumatera Utara,Simalungun,644817,144362,276389,420751,224066,34.74877368,Ir. H. Joko Widodo - Drs. H. M. Jusuf Kalla,-132027,-31.37889155
208,1208,Sumatera Utara,Asahan,493697,154937,177331,332268,161429,32.69799087,Ir. H. Joko Widodo - Drs. H. M. Jusuf Kalla,-22394,-6.73974021
209,1207,Sumatera Utara,Labuhan Batu,304937,106571,91901,198472,106465,34.91376907,H. Prabowo Subianto - Ir. M. H. Hatta Rajasa,14670,7.391470837
210,1210,Sumatera Utara,Dairi,206551,22125,109732,131857,74694,36.1624974,Ir. H. Joko Widodo - Drs. H. M. Jusuf Kalla,-87607,-66.44091705
211,1206,Sumatera Utara,Toba Samosir,130252,8154,79525,87679,42573,32.68510272,Ir. H. Joko Widodo - Drs. H. M. Jusuf Kalla,-71371,-81.40033531
212,1202,Sumatera Utara,Mandailing Natal,309470,150048,47046,197094,112376,36.31240508,H. Prabowo Subianto - Ir. M. H. Hatta Rajasa,103002,52.26034278
213,1214,Sumatera Utara,Nias Selatan,258713,26064,171401,197465,61248,23.67410992,Ir. H. Joko Widodo - Drs. H. M. Jusuf Kalla,-145337,-73.60139772
214,1216,Sumatera Utara,Pakpak Bharat,30329,6681,12075,18756,11573,38.15819842,Ir. H. Joko Widodo - Drs. H. M. Jusuf Kalla,-5394,-28.75879718
215,1215,Sumatera Utara,Humbang Hasundutan,124024,8284,77704,85988,38036,30.66825776,Ir. H. Joko Widodo - Drs. H. M. Jusuf Kalla,-69420,-80.73219519
216,1217,Sumatera Utara,Samosir,91458,3346,57030,60376,31082,33.98499858,Ir. H. Joko Widodo - Drs. H. M. Jusuf Kalla,-53684,-88.91612561
217,1218,Sumatera Utara,Serdang Bedagai,456399,150267,149761,300028,156371,34.2619068,H. Prabowo Subianto - Ir. M. H. Hatta Rajasa,506,0.168650926
218,1219,Sumatera Utara,Batu Bara,295342,81404,93483,174887,120455,40.78492053,Ir. H. Joko Widodo - Drs. H. M. Jusuf Kalla,-12079,-6.906745499
219,1220,Sumatera Utara,Padang Lawas Utara,156703,82604,35786,118390,38313,24.44943619,H. Prabowo Subianto - Ir. M. H. Hatta Rajasa,46818,39.54556973
220,1221,Sumatera Utara,Padang Lawas,159926,76763,28789,105552,54374,33.99947476,H. Prabowo Subianto - Ir. M. H. Hatta Rajasa,47974,45.4505836
221,1222,Sumatera Utara,Labuhan Batu Selatan,194245,66898,73580,140478,53767,27.67999176,Ir. H. Joko Widodo - Drs. H. M. Jusuf Kalla,-6682,-4.756616694
222,1223,Sumatera Utara,Labuhan Batu Utara,241166,73485,94247,167732,73434,30.44956586,Ir. H. Joko Widodo - Drs. H. M. Jusuf Kalla,-20762,-12.37807932
223,1224,Sumatera Utara,Nias Utara,86843,7283,45305,52588,34255,39.44474511,Ir. H. Joko Widodo - Drs. H. M. Jusuf Kalla,-38022,-72.30166578
224,1225,Sumatera Utara,Nias Barat,54993,6152,32202,38354,16639,30.25657811,Ir. H. Joko Widodo - Drs. H. M. Jusuf Kalla,-26050,-67.91990405
225,1275,Sumatera Utara,Kota Medan,1838080,530243,486395,1016638,821442,44.69022023,H. Prabowo Subianto - Ir. M. H. Hatta Rajasa,43848,4.313039646
226,1273,Sumatera Utara,Kota Pematang Siantar,196569,40124,83287,123411,73158,37.21746562,Ir. H. Joko Widodo - Drs. H. M. Jusuf Kalla,-43163,-34.97500223
227,1271,Sumatera Utara,Kota Sibolga,63138,14682,22573,37255,25883,40.99432988,Ir. H. Joko Widodo - Drs. H. M. Jusuf Kalla,-7891,-21.18104952
228,1272,Sumatera Utara,Kota Tanjung Balai,112703,34519,28611,63130,49573,43.98551946,H. Prabowo Subianto - Ir. M. H. Hatta Rajasa,5908,9.358466656
229,1276,Sumatera Utara,Kota Binjai,188704,77888,45463,123351,65353,34.63254621,H. Prabowo Subianto - Ir. M. H. Hatta Rajasa,32425,26.28677514
230,1274,Sumatera Utara,Kota Tebing Tinggi,124529,41592,35498,77090,47439,38.09474098,H. Prabowo Subianto - Ir. M. H. Hatta Rajasa,6094,7.90504605
231,1277,Sumatera Utara,Kota Padangsidimpuan,148586,71847,23423,95270,53316,35.88225001,H. Prabowo Subianto - Ir. M. H. Hatta Rajasa,48424,50.82817256
232,1278,Sumatera Utara,Kota Gunungsitoli,87557,9585,48491,58076,29481,33.67063741,Ir. H. Joko Widodo - Drs. H. M. Jusuf Kalla,-38906,-66.99152834
234,6101,Kalimantan Barat,Sambas,415911,112819,155003,267822,148089,35.60593492,Ir. H. Joko Widodo - Drs. H. M. Jusuf Kalla,-42184,-15.75075983
235,6104,Kalimantan Barat,Pontianak,184771,73495,49847,123342,61429,33.24601804,H. Prabowo Subianto - Ir. M. H. Hatta Rajasa,23648,19.17270678
236,6105,Kalimantan Barat,Sanggau,319602,67672,191220,258892,60710,18.99550065,Ir. H. Joko Widodo - Drs. H. M. Jusuf Kalla,-123548,-47.72182995
237,6106,Kalimantan Barat,Ketapang,355815,91890,150144,242034,113781,31.97757261,Ir. H. Joko Widodo - Drs. H. M. Jusuf Kalla,-58254,-24.0685193
238,6107,Kalimantan Barat,Sintang,293959,70855,170639,241494,52465,17.84772706,Ir. H. Joko Widodo - Drs. H. M. Jusuf Kalla,-99784,-41.31945307
239,6108,Kalimantan Barat,Kapuas Hulu,171767,45342,88208,133550,38217,22.24932612,Ir. H. Joko Widodo - Drs. H. M. Jusuf Kalla,-42866,-32.09734182
240,6102,Kalimantan Barat,Bengkayang,168567,30726,91426,122152,46415,27.53504541,Ir. H. Joko Widodo - Drs. H. M. Jusuf Kalla,-60700,-49.69218678
241,6103,Kalimantan Barat,Landak,259339,37623,195610,233233,26106,10.06636102,Ir. H. Joko Widodo - Drs. H. M. Jusuf Kalla,-157987,-67.73784156
242,6109,Kalimantan Barat,Sekadau,146526,30996,84313,115309,31217,21.30475138,Ir. H. Joko Widodo - Drs. H. M. Jusuf Kalla,-53317,-46.23836821
243,6110,Kalimantan Barat,Melawi,153528,59353,81234,140587,12941,8.42908134,Ir. H. Joko Widodo - Drs. H. M. Jusuf Kalla,-21881,-15.56402797
244,6111,Kalimantan Barat,Kayong Utara,75980,26303,20669,46972,29008,38.17846802,H. Prabowo Subianto - Ir. M. H. Hatta Rajasa,5634,11.99437963
245,6112,Kalimantan Barat,Kubu Raya,418043,163423,112866,276289,141754,33.90895195,H. Prabowo Subianto - Ir. M. H. Hatta Rajasa,50557,18.29859314
246,6171,Kalimantan Barat,Kota Pontianak,429953,182652,126277,308929,121024,28.14819294,H. Prabowo Subianto - Ir. M. H. Hatta Rajasa,56375,18.2485296
247,6172,Kalimantan Barat,Kota Singkawang,167091,39205,55590,94795,72296,43.26744109,Ir. H. Joko Widodo - Drs. H. M. Jusuf Kalla,-16385,-17.28466691
249,6201,Kalimantan Tengah,Kotawaringin Barat,205050,61293,65241,126534,78516,38.2911485,Ir. H. Joko Widodo - Drs. H. M. Jusuf Kalla,-3948,-3.12011001
250,6202,Kalimantan Tengah,Kotawaringin Timur,347613,79206,127678,206884,140729,40.48438925,Ir. H. Joko Widodo - Drs. H. M. Jusuf Kalla,-48472,-23.42955473
251,6203,Kalimantan Tengah,Kapuas,271370,78155,83402,161557,109813,40.46615322,Ir. H. Joko Widodo - Drs. H. M. Jusuf Kalla,-5247,-3.247770137
252,6204,Kalimantan Tengah,Barito Selatan,96901,25836,37677,63513,33388,34.45578477,Ir. H. Joko Widodo - Drs. H. M. Jusuf Kalla,-11841,-18.64342733
253,6205,Kalimantan Tengah,Barito Utara,111669,22121,40394,62515,49154,44.01758769,Ir. H. Joko Widodo - Drs. H. M. Jusuf Kalla,-18273,-29.22978485
254,6209,Kalimantan Tengah,Katingan,116385,22595,48245,70840,45545,39.13304979,Ir. H. Joko Widodo - Drs. H. M. Jusuf Kalla,-25650,-36.20835686
255,6208,Kalimantan Tengah,Seruyan,127407,28589,51660,80249,47158,37.01366487,Ir. H. Joko Widodo - Drs. H. M. Jusuf Kalla,-23071,-28.7492679
256,6206,Kalimantan Tengah,Sukamara,39875,8435,14199,22634,17241,43.23761755,Ir. H. Joko Widodo - Drs. H. M. Jusuf Kalla,-5764,-25.46611293
257,6207,Kalimantan Tengah,Lamandau,54103,11739,23889,35628,18475,34.14782914,Ir. H. Joko Widodo - Drs. H. M. Jusuf Kalla,-12150,-34.10239138
258,6211,Kalimantan Tengah,Gunung Mas,87581,11787,41452,53239,34342,39.21170117,Ir. H. Joko Widodo - Drs. H. M. Jusuf Kalla,-29665,-55.72043051
259,6210,Kalimantan Tengah,Pulang Pisau,97154,23195,36991,60186,36968,38.05092945,Ir. H. Joko Widodo - Drs. H. M. Jusuf Kalla,-13796,-22.92227428
260,6213,Kalimantan Tengah,Murung Raya,81054,20732,25468,46200,34854,43.00096232,Ir. H. Joko Widodo - Drs. H. M. Jusuf Kalla,-4736,-10.25108225
261,6212,Kalimantan Tengah,Barito Timur,78999,19907,36052,55959,23040,29.16492614,Ir. H. Joko Widodo - Drs. H. M. Jusuf Kalla,-16145,-28.85148055
262,6271,Kalimantan Tengah,Kota Palangka Raya,165749,54687,63851,118538,47211,28.48342976,Ir. H. Joko Widodo - Drs. H. M. Jusuf Kalla,-9164,-7.730854241
264,6301,Kalimantan Selatan,Tanah Laut,238552,72095,81892,153987,84565,35.44929407,Ir. H. Joko Widodo - Drs. H. M. Jusuf Kalla,-9797,-6.362225383
265,6302,Kalimantan Selatan,Kotabaru,234965,57932,88379,146311,88654,37.73072585,Ir. H. Joko Widodo - Drs. H. M. Jusuf Kalla,-30447,-20.8097819
266,6303,Kalimantan Selatan,Banjar,400480,131493,125116,256609,143871,35.92464043,H. Prabowo Subianto - Ir. M. H. Hatta Rajasa,6377,2.485103796
267,6304,Kalimantan Selatan,Barito Kuala,217119,70890,71968,142858,74261,34.20290256,Ir. H. Joko Widodo - Drs. H. M. Jusuf Kalla,-1078,-0.754595472
268,6305,Kalimantan Selatan,Tapin,133111,58181,37740,95921,37190,27.93908843,H. Prabowo Subianto - Ir. M. H. Hatta Rajasa,20441,21.31024489
269,6306,Kalimantan Selatan,Hulu Sungai Selatan,168383,53777,52765,106542,61841,36.72639162,H. Prabowo Subianto - Ir. M. H. Hatta Rajasa,1012,0.949860149
270,6307,Kalimantan Selatan,Hulu Sungai Tengah,188725,79784,52007,131791,56934,30.16770433,H. Prabowo Subianto - Ir. M. H. Hatta Rajasa,27777,21.07655303
271,6308,Kalimantan Selatan,Hulu Sungai Utara,162542,60178,43068,103246,59296,36.48041737,H. Prabowo Subianto - Ir. M. H. Hatta Rajasa,17110,16.57207059
272,6309,Kalimantan Selatan,Tabalong,174118,68841,50403,119244,54874,31.51540909,H. Prabowo Subianto - Ir. M. H. Hatta Rajasa,18438,15.4624132
273,6310,Kalimantan Selatan,Tanah Bumbu,224040,51812,93242,145054,78986,35.25531155,Ir. H. Joko Widodo - Drs. H. M. Jusuf Kalla,-41430,-28.56177699
274,6311,Kalimantan Selatan,Balangan,90145,29306,32915,62221,27924,30.97675966,Ir. H. Joko Widodo - Drs. H. M. Jusuf Kalla,-3609,-5.800292506
275,6371,Kalimantan Selatan,Kota Banjarmasin,500059,153822,157062,310884,189175,37.830536,Ir. H. Joko Widodo - Drs. H. M. Jusuf Kalla,-3240,-1.04218937
276,6372,Kalimantan Selatan,Kota Banjar Baru,155888,53698,53191,106889,48999,31.43218208,H. Prabowo Subianto - Ir. M. H. Hatta Rajasa,507,0.474323831
278,6401,Kalimantan Timur,Paser,185577,50382,65438,115820,69757,37.58924867,Ir. H. Joko Widodo - Drs. H. M. Jusuf Kalla,-15056,-12.99948195
279,6403,Kalimantan Timur,Kutai Kartanegara,528272,117811,207503,325314,202958,38.41922343,Ir. H. Joko Widodo - Drs. H. M. Jusuf Kalla,-89692,-27.57090073
280,6405,Kalimantan Timur,Berau,162656,29777,66443,96220,66436,40.84448161,Ir. H. Joko Widodo - Drs. H. M. Jusuf Kalla,-36666,-38.10642278
281,6407,Kalimantan Timur,Bulungan,88241,17884,36410,54294,33947,38.47077889,Ir. H. Joko Widodo - Drs. H. M. Jusuf Kalla,-18526,-34.12163407
282,6408,Kalimantan Timur,Nunukan,137926,16802,60395,77197,60729,44.0301321,Ir. H. Joko Widodo - Drs. H. M. Jusuf Kalla,-43593,-56.469811
283,6406,Kalimantan Timur,Malinau,53151,7966,26753,34719,18432,34.67855732,Ir. H. Joko Widodo - Drs. H. M. Jusuf Kalla,-18787,-54.11158155
284,6402,Kalimantan Timur,Kutai Barat,144930,21161,75625,96786,48144,33.21879528,Ir. H. Joko Widodo - Drs. H. M. Jusuf Kalla,-54464,-56.27260141
285,6404,Kalimantan Timur,Kutai Timur,287938,46159,100346,146505,141433,49.11925484,Ir. H. Joko Widodo - Drs. H. M. Jusuf Kalla,-54187,-36.98645097
286,6409,Kalimantan Timur,Penajam Paser Utara,120468,31374,42383,73757,46711,38.77461235,Ir. H. Joko Widodo - Drs. H. M. Jusuf Kalla,-11009,-14.92604092
287,6410,Kalimantan Timur,Tana Tidung,17489,2807,6113,8920,8569,48.99651209,Ir. H. Joko Widodo - Drs. H. M. Jusuf Kalla,-3306,-37.06278027
288,6471,Kalimantan Timur,Kota Balikpapan,440220,123073,177102,300175,140045,31.81250284,Ir. H. Joko Widodo - Drs. H. M. Jusuf Kalla,-54029,-17.99916715
289,6472,Kalimantan Timur,Kota Samarinda,584940,155316,216320,371636,213304,36.46596232,Ir. H. Joko Widodo - Drs. H. M. Jusuf Kalla,-61004,-16.41498671
290,6473,Kalimantan Timur,Kota Tarakan,147082,36465,57213,93678,53404,36.3089977,Ir. H. Joko Widodo - Drs. H. M. Jusuf Kalla,-20748,-22.14820983
291,6474,Kalimantan Timur,Kota Bontang,124515,30757,52112,82869,41646,33.4465727,Ir. H. Joko Widodo - Drs. H. M. Jusuf Kalla,-21355,-25.76958815
293,7101,Sulawesi Utara,Bolaang Mongondow,170527,73276,44370,117646,52881,31.01033854,H. Prabowo Subianto - Ir. M. H. Hatta Rajasa,28906,24.57032113
294,7102,Sulawesi Utara,Minahasa,274040,85418,113149,198567,75473,27.54086995,Ir. H. Joko Widodo - Drs. H. M. Jusuf Kalla,-27731,-13.96556326
295,7103,Sulawesi Utara,Kepulauan Sangihe,108677,28218,46905,75123,33554,30.87497815,Ir. H. Joko Widodo - Drs. H. M. Jusuf Kalla,-18687,-24.87520466
296,7104,Sulawesi Utara,Kepulauan Talaud,70069,11232,39962,51194,18875,26.93773281,Ir. H. Joko Widodo - Drs. H. M. Jusuf Kalla,-28730,-56.1198578
297,7105,Sulawesi Utara,Minahasa Selatan,169902,53606,67508,121114,48788,28.7153771,Ir. H. Joko Widodo - Drs. H. M. Jusuf Kalla,-13902,-11.4784418
298,7106,Sulawesi Utara,Minahasa Utara,159551,55360,60620,115980,43571,27.3085095,Ir. H. Joko Widodo - Drs. H. M. Jusuf Kalla,-5260,-4.535264701
299,7109,Sulawesi Utara,Minahasa Tenggara,81859,32870,31437,64307,17552,21.44174739,H. Prabowo Subianto - Ir. M. H. Hatta Rajasa,1433,2.228373272
300,7107,Sulawesi Utara,Bolaang Mongondow Utara,56014,22172,18012,40184,15830,28.26079194,H. Prabowo Subianto - Ir. M. H. Hatta Rajasa,4160,10.35237906
301,7108,Sulawesi Utara,Kep. Siau Tagulandang Biaro,54988,12814,29077,41891,13097,23.81792391,Ir. H. Joko Widodo - Drs. H. M. Jusuf Kalla,-16263,-38.82218138
302,7111,Sulawesi Utara,Bolaang Mongondow Timur,53435,22923,13864,36787,16648,31.15560962,H. Prabowo Subianto - Ir. M. H. Hatta Rajasa,9059,24.62554707
303,7110,Sulawesi Utara,Bolaang Mongondow Selatan,43595,19624,14495,34119,9476,21.73643766,H. Prabowo Subianto - Ir. M. H. Hatta Rajasa,5129,15.03267974
304,7171,Sulawesi Utara,Kota Manado,372543,94408,134572,228980,143563,38.53595424,Ir. H. Joko Widodo - Drs. H. M. Jusuf Kalla,-40164,-17.54039654
305,7172,Sulawesi Utara,Kota Bitung,155986,41634,60822,102456,53530,34.31718231,Ir. H. Joko Widodo - Drs. H. M. Jusuf Kalla,-19188,-18.72803935
306,7173,Sulawesi Utara,Kota Tomohon,72342,26137,31401,57538,14804,20.46390755,Ir. H. Joko Widodo - Drs. H. M. Jusuf Kalla,-5264,-9.148736487
307,7174,Sulawesi Utara,Kota Kotamobagu,90826,40403,18359,58762,32064,35.30266664,H. Prabowo Subianto - Ir. M. H. Hatta Rajasa,22044,37.51403969
309,7202,Sulawesi Tengah,Banggai,257573,74882,103276,178158,79415,30.83203597,Ir. H. Joko Widodo - Drs. H. M. Jusuf Kalla,-28394,-15.93753859
310,7204,Sulawesi Tengah,Poso,151722,53151,63963,117114,34608,22.8101396,Ir. H. Joko Widodo - Drs. H. M. Jusuf Kalla,-10812,-9.232030329
311,7205,Sulawesi Tengah,Donggala,198081,59129,79621,138750,59331,29.95289806,Ir. H. Joko Widodo - Drs. H. M. Jusuf Kalla,-20492,-14.76900901
312,7206,Sulawesi Tengah,Tolitoli,163583,35776,68959,104735,58848,35.97439832,Ir. H. Joko Widodo - Drs. H. M. Jusuf Kalla,-33183,-31.68281854
313,7207,Sulawesi Tengah,Buol,94929,32202,35339,67541,27388,28.85103604,Ir. H. Joko Widodo - Drs. H. M. Jusuf Kalla,-3137,-4.644586251
314,7203,Sulawesi Tengah,Morowali,159264,41610,73276,114886,44378,27.86442636,Ir. H. Joko Widodo - Drs. H. M. Jusuf Kalla,-31666,-27.56297547
315,7201,Sulawesi Tengah,Banggai Kepulauan,122186,40463,54019,94482,27704,22.67362873,Ir. H. Joko Widodo - Drs. H. M. Jusuf Kalla,-13556,-14.34770644
316,7208,Sulawesi Tengah,Parigi Moutong,301622,93518,118330,211848,89774,29.76374402,Ir. H. Joko Widodo - Drs. H. M. Jusuf Kalla,-24812,-11.71217099
317,7209,Sulawesi Tengah,Tojo Unauna,101166,36729,38044,74773,26393,26.08880454,Ir. H. Joko Widodo - Drs. H. M. Jusuf Kalla,-1315,-1.758656199
318,7210,Sulawesi Tengah,Sigi,170885,73805,50563,124368,46517,27.22123065,H. Prabowo Subianto - Ir. M. H. Hatta Rajasa,23242,18.68808697
319,7271,Sulawesi Tengah,Kota Palu,264124,90744,81761,172505,91619,34.68787388,H. Prabowo Subianto - Ir. M. H. Hatta Rajasa,8983,5.207385293
321,7301,Sulawesi Selatan,Kepulauan Selayar,92390,27340,37543,64883,27507,29.77270267,Ir. H. Joko Widodo - Drs. H. M. Jusuf Kalla,-10203,-15.72522849
322,7302,Sulawesi Selatan,Bulukumba,337458,52970,147572,200542,136916,40.57275276,Ir. H. Joko Widodo - Drs. H. M. Jusuf Kalla,-94602,-47.17316073
323,7303,Sulawesi Selatan,Bantaeng,135437,36403,49655,86058,49379,36.45901785,Ir. H. Joko Widodo - Drs. H. M. Jusuf Kalla,-13252,-15.39891701
324,7304,Sulawesi Selatan,Jeneponto,294598,85822,85031,170853,123745,42.00469793,H. Prabowo Subianto - Ir. M. H. Hatta Rajasa,791,0.462971092
325,7305,Sulawesi Selatan,Takalar,209242,51298,98476,149774,59468,28.42068036,Ir. H. Joko Widodo - Drs. H. M. Jusuf Kalla,-47178,-31.49945919
326,7306,Sulawesi Selatan,Gowa,520987,131623,241625,373248,147739,28.3575214,Ir. H. Joko Widodo - Drs. H. M. Jusuf Kalla,-110002,-29.47155778
327,7307,Sulawesi Selatan,Sinjai,176596,42042,74275,116317,60279,34.13384222,Ir. H. Joko Widodo - Drs. H. M. Jusuf Kalla,-32233,-27.71134056
328,7311,Sulawesi Selatan,Bone,566774,53813,339766,393579,173195,30.55803548,Ir. H. Joko Widodo - Drs. H. M. Jusuf Kalla,-285953,-72.65453695
329,7308,Sulawesi Selatan,Maros,253514,47191,126719,173910,79604,31.40023825,Ir. H. Joko Widodo - Drs. H. M. Jusuf Kalla,-79528,-45.72940026
330,7309,Sulawesi Selatan,Pangkajene Dan Kepulauan,241553,47468,116198,163666,77887,32.24426937,Ir. H. Joko Widodo - Drs. H. M. Jusuf Kalla,-68730,-41.99406108
331,7310,Sulawesi Selatan,Barru,132930,13790,79091,92881,40049,30.12788686,Ir. H. Joko Widodo - Drs. H. M. Jusuf Kalla,-65301,-70.30609059
332,7312,Sulawesi Selatan,Soppeng,183379,19645,109559,129204,54175,29.5426412,Ir. H. Joko Widodo - Drs. H. M. Jusuf Kalla,-89914,-69.59072475
333,7313,Sulawesi Selatan,Wajo,323897,34889,174843,209732,114165,35.24731628,Ir. H. Joko Widodo - Drs. H. M. Jusuf Kalla,-139954,-66.729922
334,7314,Sulawesi Selatan,Sidenreng Rappang,226389,30953,126540,157493,68896,30.43257402,Ir. H. Joko Widodo - Drs. H. M. Jusuf Kalla,-95587,-60.69285619
335,7315,Sulawesi Selatan,Pinrang,279583,43482,143482,186964,92619,33.12755067,Ir. H. Joko Widodo - Drs. H. M. Jusuf Kalla,-100000,-53.48623264
336,7316,Sulawesi Selatan,Enrekang,151713,39810,62410,102220,49493,32.62278117,Ir. H. Joko Widodo - Drs. H. M. Jusuf Kalla,-22600,-22.10917629
337,7317,Sulawesi Selatan,Luwu,263561,61083,131777,192860,70701,26.82528902,Ir. H. Joko Widodo - Drs. H. M. Jusuf Kalla,-70694,-36.6556051
338,7318,Sulawesi Selatan,Tana Toraja,161587,31216,76632,107848,53739,33.25700706,Ir. H. Joko Widodo - Drs. H. M. Jusuf Kalla,-45416,-42.11111935
339,7322,Sulawesi Selatan,Luwu Utara,223223,51038,101463,152501,70722,31.68221913,Ir. H. Joko Widodo - Drs. H. M. Jusuf Kalla,-50425,-33.06535695
340,7325,Sulawesi Selatan,Luwu Timur,193358,43329,83832,127161,66197,34.23545961,Ir. H. Joko Widodo - Drs. H. M. Jusuf Kalla,-40503,-31.851747
341,7326,Sulawesi Selatan,Toraja Utara,184598,38990,83471,122461,62137,33.66071138,Ir. H. Joko Widodo - Drs. H. M. Jusuf Kalla,-44481,-36.32258433
342,7371,Sulawesi Selatan,Kota Makassar,1053307,186893,447353,634246,419061,39.78526678,Ir. H. Joko Widodo - Drs. H. M. Jusuf Kalla,-260460,-41.06608477
343,7372,Sulawesi Selatan,Kota Parepare,100913,18080,51211,69291,31622,31.3359032,Ir. H. Joko Widodo - Drs. H. M. Jusuf Kalla,-33131,-47.81429046
344,7373,Sulawesi Selatan,Kota Palopo,119850,25689,48502,74191,45659,38.09678765,Ir. H. Joko Widodo - Drs. H. M. Jusuf Kalla,-22813,-30.74901268
346,7404,Sulawesi Tenggara,Kolaka,249178,64694,92586,157280,91898,36.88046296,Ir. H. Joko Widodo - Drs. H. M. Jusuf Kalla,-27892,-17.73397762
347,7403,Sulawesi Tenggara,Konawe,192681,79500,57538,137038,55643,28.87830144,H. Prabowo Subianto - Ir. M. H. Hatta Rajasa,21962,16.02621171
348,7402,Sulawesi Tenggara,Muna,224615,67604,48430,116034,108581,48.34093894,H. Prabowo Subianto - Ir. M. H. Hatta Rajasa,19174,16.52446697
349,7401,Sulawesi Tenggara,Buton,207530,54793,69167,123960,83570,40.26887679,Ir. H. Joko Widodo - Drs. H. M. Jusuf Kalla,-14374,-11.59567602
350,7405,Sulawesi Tenggara,Konawe Selatan,196854,62741,74151,136892,59962,30.46013797,Ir. H. Joko Widodo - Drs. H. M. Jusuf Kalla,-11410,-8.33503784
351,7406,Sulawesi Tenggara,Bombana,108724,25165,41326,66491,42233,38.84422942,Ir. H. Joko Widodo - Drs. H. M. Jusuf Kalla,-16161,-24.30554511
352,7407,Sulawesi Tenggara,Wakatobi,82228,14824,31229,46053,36175,43.99353018,Ir. H. Joko Widodo - Drs. H. M. Jusuf Kalla,-16405,-35.62200074
353,7408,Sulawesi Tenggara,Kolaka Utara,108299,15394,54028,69422,38877,35.89783839,Ir. H. Joko Widodo - Drs. H. M. Jusuf Kalla,-38634,-55.65094639
354,7410,Sulawesi Tenggara,Konawe Utara,44318,14245,18278,32523,11795,26.61446816,Ir. H. Joko Widodo - Drs. H. M. Jusuf Kalla,-4033,-12.40045506
355,7409,Sulawesi Tenggara,Buton Utara,44214,11008,17139,28147,16067,36.33916859,Ir. H. Joko Widodo - Drs. H. M. Jusuf Kalla,-6131,-21.78207269
356,7471,Sulawesi Tenggara,Kota Kendari,252238,72705,80645,153350,98888,39.20424361,Ir. H. Joko Widodo - Drs. H. M. Jusuf Kalla,-7940,-5.177698076
357,7472,Sulawesi Tenggara,Kota Baubau,116204,28461,37700,66161,50043,43.06478262,Ir. H. Joko Widodo - Drs. H. M. Jusuf Kalla,-9239,-13.96442013
359,7502,Gorontalo,Gorontalo,280357,140134,67189,207323,73034,26.05035722,H. Prabowo Subianto - Ir. M. H. Hatta Rajasa,72945,35.18422944
360,7501,Gorontalo,Boalemo,97902,43129,33179,76308,21594,22.05675063,H. Prabowo Subianto - Ir. M. H. Hatta Rajasa,9950,13.03926194
361,7504,Gorontalo,Bone Bolango,106654,54995,30674,85669,20985,19.675774,H. Prabowo Subianto - Ir. M. H. Hatta Rajasa,24321,28.38949912
362,7503,Gorontalo,Pohuwato,97147,37943,32126,70069,27078,27.87322305,H. Prabowo Subianto - Ir. M. H. Hatta Rajasa,5817,8.301816781
363,7505,Gorontalo,Gorontalo Utara,83337,40269,20161,60430,22907,27.48719056,H. Prabowo Subianto - Ir. M. H. Hatta Rajasa,20108,33.27486348
364,7571,Gorontalo,Kota Gorontalo,138068,62265,38168,100433,37635,27.2583075,H. Prabowo Subianto - Ir. M. H. Hatta Rajasa,24097,23.99310983
366,7605,Sulawesi Barat,Mamuju Utara,106672,16909,50833,67742,38930,36.49505025,Ir. H. Joko Widodo - Drs. H. M. Jusuf Kalla,-33924,-50.07823802
367,7604,Sulawesi Barat,Mamuju,254883,42327,138250,180577,74306,29.15298392,Ir. H. Joko Widodo - Drs. H. M. Jusuf Kalla,-95923,-53.12027556
368,7603,Sulawesi Barat,Mamasa,121200,19710,67656,87366,33834,27.91584158,Ir. H. Joko Widodo - Drs. H. M. Jusuf Kalla,-47946,-54.87947256
369,7602,Sulawesi Barat,Polewali Mandar,310571,67377,136429,203806,106765,34.37700236,Ir. H. Joko Widodo - Drs. H. M. Jusuf Kalla,-69052,-33.88124
370,7601,Sulawesi Barat,Majene,108735,19171,62853,82024,26711,24.56522739,Ir. H. Joko Widodo - Drs. H. M. Jusuf Kalla,-43682,-53.25514484
372,1302,Sumatera Barat,Pesisir Selatan,325997,147150,58374,205524,120473,36.95524805,H. Prabowo Subianto - Ir. M. H. Hatta Rajasa,88776,43.19495533
373,1303,Sumatera Barat,Solok,272352,141142,23831,164973,107379,39.42655093,H. Prabowo Subianto - Ir. M. H. Hatta Rajasa,117311,71.10921181
374,1304,Sumatera Barat,Sijunjung,150010,74503,24296,98799,51211,34.13839077,H. Prabowo Subianto - Ir. M. H. Hatta Rajasa,50207,50.81731596
375,1305,Sumatera Barat,Tanah Datar,275185,127433,40187,167620,107565,39.08824972,H. Prabowo Subianto - Ir. M. H. Hatta Rajasa,87246,52.04987472
376,1306,Sumatera Barat,Padang Pariaman,297218,140938,37355,178293,118925,40.01271794,H. Prabowo Subianto - Ir. M. H. Hatta Rajasa,103583,58.09706494
377,1307,Sumatera Barat,Agam,337386,175914,38392,214306,123080,36.48047044,H. Prabowo Subianto - Ir. M. H. Hatta Rajasa,137522,64.17085849
378,1308,Sumatera Barat,Lima Puluh Kota,266533,137083,34699,171782,94751,35.54944416,H. Prabowo Subianto - Ir. M. H. Hatta Rajasa,102384,59.60112235
379,1309,Sumatera Barat,Pasaman,196106,94243,26644,120887,75219,38.3562971,H. Prabowo Subianto - Ir. M. H. Hatta Rajasa,67599,55.91916418
380,1301,Sumatera Barat,Kepulauan Mentawai,57785,9071,31440,40511,17274,29.893571,Ir. H. Joko Widodo - Drs. H. M. Jusuf Kalla,-22369,-55.21710153
381,1311,Sumatera Barat,Dharmas Raya,146321,70141,36737,106878,39443,26.95648608,H. Prabowo Subianto - Ir. M. H. Hatta Rajasa,33404,31.25432736
382,1310,Sumatera Barat,Solok Selatan,112531,56065,17103,73168,39363,34.97969448,H. Prabowo Subianto - Ir. M. H. Hatta Rajasa,38962,53.25005467
383,1312,Sumatera Barat,Pasaman Barat,264296,129400,42560,171960,92336,34.93658625,H. Prabowo Subianto - Ir. M. H. Hatta Rajasa,86840,50.50011631
384,1371,Sumatera Barat,Kota Padang,636914,304850,83698,388548,248366,38.99521756,H. Prabowo Subianto - Ir. M. H. Hatta Rajasa,221152,56.91754944
385,1372,Sumatera Barat,Kota Solok,47493,25649,5070,30719,16774,35.3188891,H. Prabowo Subianto - Ir. M. H. Hatta Rajasa,20579,66.99111299
386,1373,Sumatera Barat,Kota Sawah Lunto,45247,23474,6666,30140,15107,33.38784892,H. Prabowo Subianto - Ir. M. H. Hatta Rajasa,16808,55.76642336
387,1374,Sumatera Barat,Kota Padang Panjang,35688,18947,4402,23349,12339,34.57464694,H. Prabowo Subianto - Ir. M. H. Hatta Rajasa,14545,62.29388839
388,1375,Sumatera Barat,Kota Bukittinggi,76188,40392,9434,49826,26362,34.60124954,H. Prabowo Subianto - Ir. M. H. Hatta Rajasa,30958,62.13222013
389,1376,Sumatera Barat,Kota Payakumbuh,88155,47131,11750,58881,29274,33.20741875,H. Prabowo Subianto - Ir. M. H. Hatta Rajasa,35381,60.08899305
390,1377,Sumatera Barat,Kota Pariaman,62417,33979,6670,40649,21768,34.87511415,H. Prabowo Subianto - Ir. M. H. Hatta Rajasa,27309,67.18246451
392,8103,Maluku,Maluku Tengah,299298,115572,88144,203716,95582,31.93539549,H. Prabowo Subianto - Ir. M. H. Hatta Rajasa,27428,13.46384182
393,8102,Maluku,Maluku Tenggara,70045,17944,33929,51873,18172,25.94332215,Ir. H. Joko Widodo - Drs. H. M. Jusuf Kalla,-15985,-30.8156459
394,8101,Maluku,Maluku Tenggara Barat,72487,11415,36029,47444,25043,34.54826383,Ir. H. Joko Widodo - Drs. H. M. Jusuf Kalla,-24614,-51.88011129
395,8104,Maluku,Buru,90218,44878,23164,68042,22176,24.58046066,H. Prabowo Subianto - Ir. M. H. Hatta Rajasa,21714,31.91264219
396,8107,Maluku,Seram Bagian Timur,88365,46986,27943,74929,13436,15.20511515,H. Prabowo Subianto - Ir. M. H. Hatta Rajasa,19043,25.41472594
397,8106,Maluku,Seram Bagian Barat,139661,55436,43068,98504,41157,29.46921474,H. Prabowo Subianto - Ir. M. H. Hatta Rajasa,12368,12.5558353
398,8105,Maluku,Kepulauan Aru,61125,11470,29898,41368,19757,32.32229039,Ir. H. Joko Widodo - Drs. H. M. Jusuf Kalla,-18428,-44.54650938
399,8108,Maluku,Maluku Barat Daya,48309,11339,24720,36059,12250,25.35759382,Ir. H. Joko Widodo - Drs. H. M. Jusuf Kalla,-13381,-37.10862753
400,8109,Maluku,Buru Selatan,50564,22733,22952,45685,4879,9.649157503,Ir. H. Joko Widodo - Drs. H. M. Jusuf Kalla,-219,-0.479369596
401,8171,Maluku,Kota Ambon,272587,76136,100744,176880,95707,35.11062523,Ir. H. Joko Widodo - Drs. H. M. Jusuf Kalla,-24608,-13.9122569
402,8172,Maluku,Kota Tual,45408,20072,12449,32521,12887,28.38046159,H. Prabowo Subianto - Ir. M. H. Hatta Rajasa,7623,23.44023862
404,8201,Maluku Utara,Halmahera Barat,76236,26309,28790,55099,21137,27.72574637,Ir. H. Joko Widodo - Drs. H. M. Jusuf Kalla,-2481,-4.502804044
405,8202,Maluku Utara,Halmahera Tengah,35190,12507,13141,25648,9542,27.11565786,Ir. H. Joko Widodo - Drs. H. M. Jusuf Kalla,-634,-2.471927636
406,8205,Maluku Utara,Halmahera Utara,134280,37923,49188,87111,47169,35.12734584,Ir. H. Joko Widodo - Drs. H. M. Jusuf Kalla,-11265,-12.9317767
407,8204,Maluku Utara,Halmahera Selatan,164121,64072,48196,112268,51853,31.59437244,H. Prabowo Subianto - Ir. M. H. Hatta Rajasa,15876,14.14116222
408,8203,Maluku Utara,Kepulauan Sula,103853,37701,31778,69479,34374,33.09870683,H. Prabowo Subianto - Ir. M. H. Hatta Rajasa,5923,8.524878021
409,8206,Maluku Utara,Halmahera Timur,66751,21864,20152,42016,24735,37.05562463,H. Prabowo Subianto - Ir. M. H. Hatta Rajasa,1712,4.074638233
410,8207,Maluku Utara,Pulau Morotai,46556,24702,11403,36105,10451,22.44823438,H. Prabowo Subianto - Ir. M. H. Hatta Rajasa,13299,36.83423349
411,8271,Maluku Utara,Kota Ternate,158918,54043,30113,84156,74762,47.04438767,H. Prabowo Subianto - Ir. M. H. Hatta Rajasa,23930,28.43528685
412,8272,Maluku Utara,Kota Tidore Kepulauan,73812,27671,23840,51511,22301,30.21324446,H. Prabowo Subianto - Ir. M. H. Hatta Rajasa,3831,7.437246413
414,9401,Papua,Merauke,153033,47584,49784,97368,55665,36.37450746,Ir. H. Joko Widodo - Drs. H. M. Jusuf Kalla,-2200,-2.25946923
415,9402,Papua,Jayawijaya,211749,33262,177483,210745,1004,0.474146277,Ir. H. Joko Widodo - Drs. H. M. Jusuf Kalla,-144221,-68.4338893
416,9403,Papua,Jayapura,119903,33076,61340,94416,25487,21.25634888,Ir. H. Joko Widodo - Drs. H. M. Jusuf Kalla,-28264,-29.93560413
417,9404,Papua,Nabire,141019,41061,90541,131602,9417,6.677823556,Ir. H. Joko Widodo - Drs. H. M. Jusuf Kalla,-49480,-37.59821279
418,9408,Papua,Kepulauan Yapen Waropen,90475,11612,65312,76924,13551,14.97761813,Ir. H. Joko Widodo - Drs. H. M. Jusuf Kalla,-53700,-69.80916229
419,9409,Papua,Biak Numfor,97523,9300,47371,56671,40852,41.88960553,Ir. H. Joko Widodo - Drs. H. M. Jusuf Kalla,-38071,-67.17898043
420,9411,Papua,Puncak Jaya,165919,78797,87122,165919,0,0,Ir. H. Joko Widodo - Drs. H. M. Jusuf Kalla,-8325,-5.017508543
421,9410,Papua,Paniai,90632,7662,82970,90632,0,0,Ir. H. Joko Widodo - Drs. H. M. Jusuf Kalla,-75308,-83.09206461
422,9412,Papua,Mimika,223076,57937,124583,182520,40556,18.18035109,Ir. H. Joko Widodo - Drs. H. M. Jusuf Kalla,-66646,-36.51435459
423,9419,Papua,Sarmi,26760,4586,13095,17681,9079,33.92750374,Ir. H. Joko Widodo - Drs. H. M. Jusuf Kalla,-8509,-48.12510605
424,9420,Papua,Keerom,47445,14710,16684,31394,16051,33.8307514,Ir. H. Joko Widodo - Drs. H. M. Jusuf Kalla,-1974,-6.287825699
425,9417,Papua,Pegunungan Bintang,89682,5502,84149,89651,31,0.03456658,Ir. H. Joko Widodo - Drs. H. M. Jusuf Kalla,-78647,-87.72573647
426,9416,Papua,Yahukimo,263983,86297,175316,261613,2370,0.897785085,Ir. H. Joko Widodo - Drs. H. M. Jusuf Kalla,-89019,-34.02697878
427,9418,Papua,Tolikara,177384,42579,134800,177379,5,0.002818744,Ir. H. Joko Widodo - Drs. H. M. Jusuf Kalla,-92221,-51.99093467
428,9426,Papua,Waropen,24885,3233,18302,21535,3350,13.46192485,Ir. H. Joko Widodo - Drs. H. M. Jusuf Kalla,-15069,-69.97446018
429,9413,Papua,Boven Digoel,42716,7017,22322,29339,13377,31.31613447,Ir. H. Joko Widodo - Drs. H. M. Jusuf Kalla,-15305,-52.16605883
430,9414,Papua,Mappi,64802,8192,35546,43738,21064,32.50516959,Ir. H. Joko Widodo - Drs. H. M. Jusuf Kalla,-27354,-62.54058256
431,9415,Papua,Asmat,73675,13288,52957,66245,7430,10.08483203,Ir. H. Joko Widodo - Drs. H. M. Jusuf Kalla,-39669,-59.88225526
432,9427,Papua,Supiori,13649,869,9421,10290,3359,24.60986153,Ir. H. Joko Widodo - Drs. H. M. Jusuf Kalla,-8552,-83.10981535
433,9428,Papua,Mamberamo Raya,22766,1115,19089,20204,2562,11.25362383,Ir. H. Joko Widodo - Drs. H. M. Jusuf Kalla,-17974,-88.96258167
434,9431,Papua,Mamberamo Tengah,29655,24116,5539,29655,0,0,H. Prabowo Subianto - Ir. M. H. Hatta Rajasa,18577,62.6437363
435,9432,Papua,Yalimo,67863,17812,50050,67862,1,0.001473557,Ir. H. Joko Widodo - Drs. H. M. Jusuf Kalla,-32238,-47.5052312
436,9430,Papua,Lanny Jaya,145450,82841,62609,145450,0,0,H. Prabowo Subianto - Ir. M. H. Hatta Rajasa,20232,13.90993469
437,9429,Papua,Nduga,146784,40000,106784,146784,0,0,Ir. H. Joko Widodo - Drs. H. M. Jusuf Kalla,-66784,-45.49814694
438,9433,Papua,Puncak,157169,8071,149096,157167,2,0.001272516,Ir. H. Joko Widodo - Drs. H. M. Jusuf Kalla,-141025,-89.72939612
439,9434,Papua,Dogiyai,107558,0,89536,89536,18022,16.75561093,Ir. H. Joko Widodo - Drs. H. M. Jusuf Kalla,-89536,-100
440,9435,Papua,Intan Jaya,69949,13765,56184,69949,0,0,Ir. H. Joko Widodo - Drs. H. M. Jusuf Kalla,-42419,-60.64275401
441,9436,Papua,Deiyai,47605,5628,41970,47598,7,0.014704338,Ir. H. Joko Widodo - Drs. H. M. Jusuf Kalla,-36342,-76.35194756
442,9471,Papua,Kota Jayapura,356852,69220,96780,166000,190852,53.48211584,Ir. H. Joko Widodo - Drs. H. M. Jusuf Kalla,-27560,-16.60240964
444,9107,Papua Barat,Sorong,89128,24307,33514,57821,31307,35.12588637,Ir. H. Joko Widodo - Drs. H. M. Jusuf Kalla,-9207,-15.92328047
445,9105,Papua Barat,Manokwari,175948,42328,101375,143703,32245,18.32643736,Ir. H. Joko Widodo - Drs. H. M. Jusuf Kalla,-59047,-41.08960843
446,9101,Papua Barat,Fak-Fak,53031,15055,21129,36184,16847,31.76821105,Ir. H. Joko Widodo - Drs. H. M. Jusuf Kalla,-6074,-16.78642494
447,9106,Papua Barat,Sorong Selatan,35461,8939,25590,34529,932,2.628239474,Ir. H. Joko Widodo - Drs. H. M. Jusuf Kalla,-16651,-48.22323265
448,9108,Papua Barat,Raja Ampat,39092,7920,19626,27546,11546,29.53545482,Ir. H. Joko Widodo - Drs. H. M. Jusuf Kalla,-11706,-42.49618819
449,9104,Papua Barat,Teluk Bintuni,52336,12314,28499,40813,11523,22.01734943,Ir. H. Joko Widodo - Drs. H. M. Jusuf Kalla,-16185,-39.656482
450,9103,Papua Barat,Teluk Wondama,23318,3291,14104,17395,5923,25.40097779,Ir. H. Joko Widodo - Drs. H. M. Jusuf Kalla,-10813,-62.16154067
451,9102,Papua Barat,Kaimana,37105,6766,15227,21993,15112,40.72766474,Ir. H. Joko Widodo - Drs. H. M. Jusuf Kalla,-8461,-38.47133179
452,9109,Papua Barat,Tambrauw,21445,4559,15274,19833,1612,7.516903707,Ir. H. Joko Widodo - Drs. H. M. Jusuf Kalla,-10715,-54.02611809
453,9110,Papua Barat,Maybrat,28914,7966,20882,28848,66,0.228263125,Ir. H. Joko Widodo - Drs. H. M. Jusuf Kalla,-12916,-44.77260122
454,9171,Papua Barat,Kota Sorong,174648,39083,65159,104242,70406,40.31308689,Ir. H. Joko Widodo - Drs. H. M. Jusuf Kalla,-26076,-25.01486925
456,1406,Riau,Kampar,560928,224680,138129,362809,198119,35.3198628,H. Prabowo Subianto - Ir. M. H. Hatta Rajasa,86551,23.85580292
457,1402,Riau,Indragiri Hulu,299137,80054,97460,177514,121623,40.6579594,Ir. H. Joko Widodo - Drs. H. M. Jusuf Kalla,-17406,-9.805423798
458,1408,Riau,Bengkalis,389825,116661,140869,257530,132295,33.93702302,Ir. H. Joko Widodo - Drs. H. M. Jusuf Kalla,-24208,-9.400069895
459,1403,Riau,Indragiri Hilir,519207,113645,168634,282279,236928,45.63266674,Ir. H. Joko Widodo - Drs. H. M. Jusuf Kalla,-54989,-19.48037226
460,1404,Riau,Pelalawan,247669,66943,85496,152439,95230,38.45051258,Ir. H. Joko Widodo - Drs. H. M. Jusuf Kalla,-18553,-12.17076995
461,1407,Riau,Rokan Hulu,355037,119956,126012,245968,109069,30.72046012,Ir. H. Joko Widodo - Drs. H. M. Jusuf Kalla,-6056,-2.462108892
462,1409,Riau,Rokan Hilir,420884,114216,169637,283853,137031,32.55790194,Ir. H. Joko Widodo - Drs. H. M. Jusuf Kalla,-55421,-19.52454263
463,1405,Riau,Siak,282033,89874,90369,180243,101790,36.0915212,Ir. H. Joko Widodo - Drs. H. M. Jusuf Kalla,-495,-0.274629251
464,1401,Riau,Kuantan Singingi,232406,74594,76259,150853,81553,35.09074637,Ir. H. Joko Widodo - Drs. H. M. Jusuf Kalla,-1665,-1.103723492
465,1410,Riau,Kepulauan Meranti,141804,29611,55289,84900,56904,40.12862825,Ir. H. Joko Widodo - Drs. H. M. Jusuf Kalla,-25678,-30.24499411
466,1471,Riau,Kota Pekan Baru,666651,261593,129179,390772,275879,41.3828225,H. Prabowo Subianto - Ir. M. H. Hatta Rajasa,132414,33.88523231
467,1473,Riau,Kota Dumai,204339,57511,65484,122995,81344,39.80835768,Ir. H. Joko Widodo - Drs. H. M. Jusuf Kalla,-7973,-6.482377332
469,1501,Jambi,Kerinci,206260,104649,38680,143329,62931,30.5105207,H. Prabowo Subianto - Ir. M. H. Hatta Rajasa,65969,46.02627521
470,1502,Jambi,Merangin,265112,98973,95407,194380,70732,26.68004466,H. Prabowo Subianto - Ir. M. H. Hatta Rajasa,3566,1.83455088
471,1503,Jambi,Sarolangun,202191,68598,76443,145041,57150,28.26535306,Ir. H. Joko Widodo - Drs. H. M. Jusuf Kalla,-7845,-5.408815438
472,1504,Jambi,Batang Hari,191810,59741,72999,132740,59070,30.79610031,Ir. H. Joko Widodo - Drs. H. M. Jusuf Kalla,-13258,-9.987946361
473,1505,Jambi,Muaro Jambi,280719,81395,114132,195527,85192,30.34778551,Ir. H. Joko Widodo - Drs. H. M. Jusuf Kalla,-32737,-16.74295622
474,1507,Jambi,Tanjung Jabung Barat,208446,63806,79090,142896,65550,31.44699347,Ir. H. Joko Widodo - Drs. H. M. Jusuf Kalla,-15284,-10.69589072
475,1506,Jambi,Tanjung Jabung Timur,167460,44919,71431,116350,51110,30.52072137,Ir. H. Joko Widodo - Drs. H. M. Jusuf Kalla,-26512,-22.78642028
476,1509,Jambi,Bungo,244485,91122,87530,178652,65833,26.92721435,H. Prabowo Subianto - Ir. M. H. Hatta Rajasa,3592,2.010612811
477,1508,Jambi,Tebo,242802,66172,108551,174723,68079,28.03889589,Ir. H. Joko Widodo - Drs. H. M. Jusuf Kalla,-42379,-24.25496357
478,1571,Jambi,Kota Jambi,443420,155560,142969,298529,144891,32.6757927,H. Prabowo Subianto - Ir. M. H. Hatta Rajasa,12591,4.217680694
479,1572,Jambi,Kota Sungai Penuh,72944,36381,10555,46936,26008,35.65474885,H. Prabowo Subianto - Ir. M. H. Hatta Rajasa,25826,55.02386228
481,1601,Sumatera Selatan,Ogan Komering Ulu,254429,108647,64472,173119,81310,31.957835,H. Prabowo Subianto - Ir. M. H. Hatta Rajasa,44175,25.51712984
482,1602,Sumatera Selatan,Ogan Komering Ilir,560123,230650,191662,422312,137811,24.60370312,H. Prabowo Subianto - Ir. M. H. Hatta Rajasa,38988,9.232036977
483,1603,Sumatera Selatan,Muara Enim,540993,176547,217125,393672,147321,27.2315908,Ir. H. Joko Widodo - Drs. H. M. Jusuf Kalla,-40578,-10.30756569
484,1604,Sumatera Selatan,Lahat,296419,124162,83865,208027,88392,29.81995081,H. Prabowo Subianto - Ir. M. H. Hatta Rajasa,40297,19.37104318
485,1605,Sumatera Selatan,Musi Rawas,430309,124598,193367,317965,112344,26.10775048,Ir. H. Joko Widodo - Drs. H. M. Jusuf Kalla,-68769,-21.62785212
486,1606,Sumatera Selatan,Musi Banyu Asin,463975,125556,176549,302105,161870,34.88765558,Ir. H. Joko Widodo - Drs. H. M. Jusuf Kalla,-50993,-16.87923073
487,1607,Sumatera Selatan,Banyu Asin,594822,189938,224109,414047,180775,30.39144484,Ir. H. Joko Widodo - Drs. H. M. Jusuf Kalla,-34171,-8.252927808
488,1609,Sumatera Selatan,Ogan Komering Ulu Timur,478970,225364,152303,377667,101303,21.15017642,H. Prabowo Subianto - Ir. M. H. Hatta Rajasa,73061,19.34534921
489,1608,Sumatera Selatan,Ogan Komering Ulu Selatan,260979,110146,77139,187285,73694,28.23752103,H. Prabowo Subianto - Ir. M. H. Hatta Rajasa,33007,17.62394212
490,1610,Sumatera Selatan,Ogan Ilir,305586,107659,96506,204165,101421,33.18902044,H. Prabowo Subianto - Ir. M. H. Hatta Rajasa,11153,5.462738471
491,1611,Sumatera Selatan,Empat Lawang,182740,60332,48436,108768,73972,40.4793696,H. Prabowo Subianto - Ir. M. H. Hatta Rajasa,11896,10.93704031
492,1671,Sumatera Selatan,Kota Palembang,1174651,410473,372168,782641,392010,33.37246552,H. Prabowo Subianto - Ir. M. H. Hatta Rajasa,38305,4.894325751
493,1673,Sumatera Selatan,Kota Pagar Alam,105341,38006,33579,71585,33756,32.04450309,H. Prabowo Subianto - Ir. M. H. Hatta Rajasa,4427,6.184256478
494,1674,Sumatera Selatan,Kota Lubuklinggau,157151,55804,49873,105677,51474,32.75448454,H. Prabowo Subianto - Ir. M. H. Hatta Rajasa,5931,5.612384909
495,1672,Sumatera Selatan,Kota Prabumulih,134597,44281,45896,90177,44420,33.00222145,Ir. H. Joko Widodo - Drs. H. M. Jusuf Kalla,-1615,-1.790922297
497,1701,Bengkulu,Bengkulu Selatan,115891,31154,44964,76118,39773,34.31931729,Ir. H. Joko Widodo - Drs. H. M. Jusuf Kalla,-13810,-18.14288342
498,1702,Bengkulu,Rejang Lebong,198929,73479,59063,132542,66387,33.37220817,H. Prabowo Subianto - Ir. M. H. Hatta Rajasa,14416,10.87655234
499,1703,Bengkulu,Bengkulu Utara,204378,55425,95334,150759,53619,26.23521123,Ir. H. Joko Widodo - Drs. H. M. Jusuf Kalla,-39909,-26.47205142
500,1704,Bengkulu,Kaur,88724,26245,36456,62701,26023,29.33028267,Ir. H. Joko Widodo - Drs. H. M. Jusuf Kalla,-10211,-16.28522671
501,1705,Bengkulu,Seluma,139014,39887,59531,99418,39596,28.4834621,Ir. H. Joko Widodo - Drs. H. M. Jusuf Kalla,-19644,-19.75899736
502,1706,Bengkulu,Mukomuko,121314,35039,49631,84670,36644,30.20591193,Ir. H. Joko Widodo - Drs. H. M. Jusuf Kalla,-14592,-17.23396717
503,1707,Bengkulu,Lebong,80864,22935,29369,52304,28560,35.31855956,Ir. H. Joko Widodo - Drs. H. M. Jusuf Kalla,-6434,-12.30116243
504,1708,Bengkulu,Kepahiang,110470,41837,32655,74492,35978,32.56811804,H. Prabowo Subianto - Ir. M. H. Hatta Rajasa,9182,12.32615583
505,1709,Bengkulu,Bengkulu Tengah,77525,26040,33531,59571,17954,23.15898097,Ir. H. Joko Widodo - Drs. H. M. Jusuf Kalla,-7491,-12.57491061
506,1771,Bengkulu,Kota Bengkulu,259170,81132,83135,164267,94903,36.61804993,Ir. H. Joko Widodo - Drs. H. M. Jusuf Kalla,-2003,-1.219356292
508,1803,Lampung,Lampung Selatan,715943,231365,287821,519186,196757,27.48221576,Ir. H. Joko Widodo - Drs. H. M. Jusuf Kalla,-56456,-10.87394498
509,1805,Lampung,Lampung Tengah,913056,306752,366977,673729,239327,26.21164529,Ir. H. Joko Widodo - Drs. H. M. Jusuf Kalla,-60225,-8.93905413
510,1806,Lampung,Lampung Utara,444175,185801,138884,324685,119490,26.90155907,H. Prabowo Subianto - Ir. M. H. Hatta Rajasa,46917,14.45000539
511,1801,Lampung,Lampung Barat,325619,97555,140261,237816,87803,26.96494983,Ir. H. Joko Widodo - Drs. H. M. Jusuf Kalla,-42706,-17.95758065
512,1808,Lampung,Tulangbawang,291541,95164,112553,207717,83824,28.75204517,Ir. H. Joko Widodo - Drs. H. M. Jusuf Kalla,-17389,-8.371486205
513,1802,Lampung,Tanggamus,460828,163155,145675,308830,151998,32.98367287,H. Prabowo Subianto - Ir. M. H. Hatta Rajasa,17480,5.660071884
514,1804,Lampung,Lampung Timur,784179,230528,311267,541795,242384,30.90926944,Ir. H. Joko Widodo - Drs. H. M. Jusuf Kalla,-80739,-14.90213088
515,1807,Lampung,Way Kanan,337891,107739,134930,242669,95222,28.18127739,Ir. H. Joko Widodo - Drs. H. M. Jusuf Kalla,-27191,-11.20497468
516,1809,Lampung,Pesawaran,322340,113560,123315,236875,85465,26.51392939,Ir. H. Joko Widodo - Drs. H. M. Jusuf Kalla,-9755,-4.118205805
517,1810,Lampung,Pringsewu,312250,102677,109675,212352,99898,31.99295436,Ir. H. Joko Widodo - Drs. H. M. Jusuf Kalla,-6998,-3.29547167
518,1811,Lampung,Mesuji,150411,45124,62581,107705,42706,28.3928702,Ir. H. Joko Widodo - Drs. H. M. Jusuf Kalla,-17457,-16.20816118
519,1812,Lampung,Tulangbawang Barat,205250,69047,83631,152678,52572,25.6136419,Ir. H. Joko Widodo - Drs. H. M. Jusuf Kalla,-14584,-9.552129318
520,1871,Lampung,Kota Bandar Lampung,693576,243525,240477,484002,209574,30.21644348,H. Prabowo Subianto - Ir. M. H. Hatta Rajasa,3048,0.629749464
521,1872,Lampung,Kota Metro,113919,41932,41842,83774,30145,26.46178425,H. Prabowo Subianto - Ir. M. H. Hatta Rajasa,90,0.1074319
523,1901,Kepulauan Bangka Belitung,Bangka,217017,48689,85481,134170,82847,38.17535032,Ir. H. Joko Widodo - Drs. H. M. Jusuf Kalla,-36792,-27.42192741
524,1902,Kepulauan Bangka Belitung,Belitung,118796,28539,60700,89239,29557,24.88046736,Ir. H. Joko Widodo - Drs. H. M. Jusuf Kalla,-32161,-36.0391757
525,1905,Kepulauan Bangka Belitung,Bangka Selatan,135676,24574,56235,80809,54867,40.43972405,Ir. H. Joko Widodo - Drs. H. M. Jusuf Kalla,-31661,-39.18004183
526,1904,Kepulauan Bangka Belitung,Bangka Tengah,122527,22078,52707,74785,47742,38.96447314,Ir. H. Joko Widodo - Drs. H. M. Jusuf Kalla,-30629,-40.95607408
527,1903,Kepulauan Bangka Belitung,Bangka Barat,126583,22481,64716,87197,39386,31.11476265,Ir. H. Joko Widodo - Drs. H. M. Jusuf Kalla,-42235,-48.43629941
528,1906,Kepulauan Bangka Belitung,Belitung Timur,81697,18542,42817,61359,20338,24.89442697,Ir. H. Joko Widodo - Drs. H. M. Jusuf Kalla,-24275,-39.56224841
529,1971,Kepulauan Bangka Belitung,Kota Pangkal Pinang,141648,35803,49703,85506,56142,39.63486954,Ir. H. Joko Widodo - Drs. H. M. Jusuf Kalla,-13900,-16.25616916
,,,,,,,,,,,,